    x        y
  0.0000  1.000000
  0.0010  1.000833
  0.0020  1.001664
  0.0030  1.002494
  0.0040  1.002484
  0.0050  1.002473
  0.0060  1.002459
  0.0070  1.002443
  0.0080  1.002426
  0.0090  1.002406
  0.0100  1.002384
  0.0110  1.002360
  0.0120  1.002335
  0.0130  1.002307
  0.0140  1.002277
  0.0150  1.002244
  0.0160  1.002210
  0.0170  1.002174
  0.0180  1.002136
  0.0190  1.002095
  0.0200  1.002053
  0.0210  1.002008
  0.0220  1.001961
  0.0230  1.001912
  0.0240  1.001861
  0.0250  1.001808
  0.0260  1.001753
  0.0270  1.001695
  0.0280  1.001636
  0.0290  1.001574
  0.0300  1.001510
  0.0310  1.001444
  0.0320  1.001376
  0.0330  1.001305
  0.0340  1.001232
  0.0350  1.001158
  0.0360  1.001081
  0.0370  1.001001
  0.0380  1.000920
  0.0390  1.000837
  0.0400  1.000751
  0.0410  1.000663
  0.0420  1.000572
  0.0430  1.000480
  0.0440  1.000385
  0.0450  1.000288
  0.0460  1.000189
  0.0470  1.000088
  0.0480  0.999984
  0.0490  0.999878
  0.0500  0.999770
  0.0510  0.999660
  0.0520  0.999547
  0.0530  0.999432
  0.0540  0.999315
  0.0550  0.999195
  0.0560  0.999073
  0.0570  0.998949
  0.0580  0.998823
  0.0590  0.998694
  0.0600  0.998563
  0.0610  0.998430
  0.0620  0.998294
  0.0630  0.998156
  0.0640  0.998016
  0.0650  0.997873
  0.0660  0.997728
  0.0670  0.997581
  0.0680  0.997431
  0.0690  0.997279
  0.0700  0.997125
  0.0710  0.996969
  0.0720  0.996810
  0.0730  0.996648
  0.0740  0.996484
  0.0750  0.996318
  0.0760  0.996150
  0.0770  0.995979
  0.0780  0.995806
  0.0790  0.995630
  0.0800  0.995452
  0.0810  0.995272
  0.0820  0.995089
  0.0830  0.994904
  0.0840  0.994717
  0.0850  0.994527
  0.0860  0.994334
  0.0870  0.994139
  0.0880  0.993942
  0.0890  0.993743
  0.0900  0.993541
  0.0910  0.993336
  0.0920  0.993129
  0.0930  0.992920
  0.0940  0.992708
  0.0950  0.992494
  0.0960  0.992277
  0.0970  0.992058
  0.0980  0.991837
  0.0990  0.991613
  0.1000  0.991386
  0.1010  0.991157
  0.1020  0.990926
  0.1030  0.990692
  0.1040  0.990456
  0.1050  0.990217
  0.1060  0.989976
  0.1070  0.989732
  0.1080  0.989486
  0.1090  0.989237
  0.1100  0.988986
  0.1110  0.988732
  0.1120  0.988476
  0.1130  0.988217
  0.1140  0.987956
  0.1150  0.987692
  0.1160  0.987426
  0.1170  0.987157
  0.1180  0.986886
  0.1190  0.986612
  0.1200  0.986336
  0.1210  0.986057
  0.1220  0.985776
  0.1230  0.985492
  0.1240  0.985206
  0.1250  0.984917
  0.1260  0.984625
  0.1270  0.984331
  0.1280  0.984035
  0.1290  0.983736
  0.1300  0.983434
  0.1310  0.983130
  0.1320  0.982823
  0.1330  0.982514
  0.1340  0.982202
  0.1350  0.981888
  0.1360  0.981571
  0.1370  0.981251
  0.1380  0.980929
  0.1390  0.980604
  0.1400  0.980277
  0.1410  0.979947
  0.1420  0.979615
  0.1430  0.979280
  0.1440  0.978942
  0.1450  0.978602
  0.1460  0.978260
  0.1470  0.977914
  0.1480  0.977566
  0.1490  0.977216
  0.1500  0.976863
  0.1510  0.976507
  0.1520  0.976149
  0.1530  0.975788
  0.1540  0.975425
  0.1550  0.975059
  0.1560  0.974690
  0.1570  0.974319
  0.1580  0.973945
  0.1590  0.973568
  0.1600  0.973189
  0.1610  0.972808
  0.1620  0.972423
  0.1630  0.972036
  0.1640  0.971647
  0.1650  0.971255
  0.1660  0.970860
  0.1670  0.970462
  0.1680  0.970062
  0.1690  0.969660
  0.1700  0.969254
  0.1710  0.968846
  0.1720  0.968436
  0.1730  0.968023
  0.1740  0.967607
  0.1750  0.967188
  0.1760  0.966767
  0.1770  0.966343
  0.1780  0.965917
  0.1790  0.965488
  0.1800  0.965056
  0.1810  0.964622
  0.1820  0.964185
  0.1830  0.963745
  0.1840  0.963303
  0.1850  0.962858
  0.1860  0.962411
  0.1870  0.961960
  0.1880  0.961507
  0.1890  0.961052
  0.1900  0.960594
  0.1910  0.960133
  0.1920  0.959669
  0.1930  0.959203
  0.1940  0.958734
  0.1950  0.958263
  0.1960  0.957789
  0.1970  0.957312
  0.1980  0.956832
  0.1990  0.956350
  0.2000  0.955865
  0.2010  0.955378
  0.2020  0.954888
  0.2030  0.954395
  0.2040  0.953899
  0.2050  0.953401
  0.2060  0.952900
  0.2070  0.952397
  0.2080  0.951891
  0.2090  0.951382
  0.2100  0.950870
  0.2110  0.950356
  0.2120  0.949839
  0.2130  0.949320
  0.2140  0.948798
  0.2150  0.948273
  0.2160  0.947745
  0.2170  0.947215
  0.2180  0.946682
  0.2190  0.946146
  0.2200  0.945608
  0.2210  0.945067
  0.2220  0.944523
  0.2230  0.943977
  0.2240  0.943428
  0.2250  0.942876
  0.2260  0.942322
  0.2270  0.941765
  0.2280  0.941205
  0.2290  0.940643
  0.2300  0.940078
  0.2310  0.939510
  0.2320  0.938939
  0.2330  0.938366
  0.2340  0.937791
  0.2350  0.937212
  0.2360  0.936631
  0.2370  0.936047
  0.2380  0.935460
  0.2390  0.934871
  0.2400  0.934279
  0.2410  0.933685
  0.2420  0.933087
  0.2430  0.932487
  0.2440  0.931885
  0.2450  0.931279
  0.2460  0.930671
  0.2470  0.930061
  0.2480  0.929447
  0.2490  0.928831
  0.2500  0.928213
  0.2510  0.927591
  0.2520  0.926967
  0.2530  0.926340
  0.2540  0.925711
  0.2550  0.925079
  0.2560  0.924444
  0.2570  0.923806
  0.2580  0.923166
  0.2590  0.922523
  0.2600  0.921878
  0.2610  0.921230
  0.2620  0.920579
  0.2630  0.919925
  0.2640  0.919269
  0.2650  0.918610
  0.2660  0.917948
  0.2670  0.917284
  0.2680  0.916617
  0.2690  0.915948
  0.2700  0.915275
  0.2710  0.914600
  0.2720  0.913923
  0.2730  0.913242
  0.2740  0.912559
  0.2750  0.911874
  0.2760  0.911186
  0.2770  0.910495
  0.2780  0.909801
  0.2790  0.909105
  0.2800  0.908406
  0.2810  0.907704
  0.2820  0.907000
  0.2830  0.906293
  0.2840  0.905583
  0.2850  0.904871
  0.2860  0.904156
  0.2870  0.903439
  0.2880  0.902718
  0.2890  0.901995
  0.2900  0.901270
  0.2910  0.900542
  0.2920  0.899811
  0.2930  0.899077
  0.2940  0.898341
  0.2950  0.897602
  0.2960  0.896861
  0.2970  0.896117
  0.2980  0.895370
  0.2990  0.894621
  0.3000  0.893869
  0.3010  0.893114
  0.3020  0.892357
  0.3030  0.891597
  0.3040  0.890834
  0.3050  0.890069
  0.3060  0.889301
  0.3070  0.888531
  0.3080  0.887758
  0.3090  0.886982
  0.3100  0.886204
  0.3110  0.885423
  0.3120  0.884639
  0.3130  0.883853
  0.3140  0.883064
  0.3150  0.882273
  0.3160  0.881479
  0.3170  0.880682
  0.3180  0.879883
  0.3190  0.879081
  0.3200  0.878276
  0.3210  0.877469
  0.3220  0.876659
  0.3230  0.875847
  0.3240  0.875032
  0.3250  0.874214
  0.3260  0.873394
  0.3270  0.872571
  0.3280  0.871746
  0.3290  0.870918
  0.3300  0.870088
  0.3310  0.869254
  0.3320  0.868419
  0.3330  0.867580
  0.3340  0.866740
  0.3350  0.865896
  0.3360  0.865050
  0.3370  0.864201
  0.3380  0.863350
  0.3390  0.862496
  0.3400  0.861640
  0.3410  0.860781
  0.3420  0.859920
  0.3430  0.859056
  0.3440  0.858189
  0.3450  0.857320
  0.3460  0.856448
  0.3470  0.855574
  0.3480  0.854697
  0.3490  0.853817
  0.3500  0.852935
  0.3510  0.852051
  0.3520  0.851164
  0.3530  0.850274
  0.3540  0.849382
  0.3550  0.848487
  0.3560  0.847590
  0.3570  0.846690
  0.3580  0.845788
  0.3590  0.844883
  0.3600  0.843976
  0.3610  0.843066
  0.3620  0.842154
  0.3630  0.841239
  0.3640  0.840321
  0.3650  0.839401
  0.3660  0.838479
  0.3670  0.837554
  0.3680  0.836626
  0.3690  0.835696
  0.3700  0.834764
  0.3710  0.833829
  0.3720  0.832891
  0.3730  0.831952
  0.3740  0.831009
  0.3750  0.830064
  0.3760  0.829117
  0.3770  0.828167
  0.3780  0.827214
  0.3790  0.826260
  0.3800  0.825302
  0.3810  0.824342
  0.3820  0.823380
  0.3830  0.822415
  0.3840  0.821448
  0.3850  0.820478
  0.3860  0.819506
  0.3870  0.818532
  0.3880  0.817555
  0.3890  0.816575
  0.3900  0.815593
  0.3910  0.814609
  0.3920  0.813622
  0.3930  0.812633
  0.3940  0.811641
  0.3950  0.810647
  0.3960  0.809651
  0.3970  0.808652
  0.3980  0.807650
  0.3990  0.806647
  0.4000  0.805641
  0.4010  0.804632
  0.4020  0.803621
  0.4030  0.802608
  0.4040  0.801592
  0.4050  0.800574
  0.4060  0.799553
  0.4070  0.798530
  0.4080  0.797505
  0.4090  0.796477
  0.4100  0.795447
  0.4110  0.794414
  0.4120  0.793379
  0.4130  0.792342
  0.4140  0.791302
  0.4150  0.790260
  0.4160  0.789216
  0.4170  0.788169
  0.4180  0.787120
  0.4190  0.786069
  0.4200  0.785015
  0.4210  0.783959
  0.4220  0.782901
  0.4230  0.781840
  0.4240  0.780777
  0.4250  0.779711
  0.4260  0.778644
  0.4270  0.777574
  0.4280  0.776501
  0.4290  0.775426
  0.4300  0.774349
  0.4310  0.773270
  0.4320  0.772189
  0.4330  0.771105
  0.4340  0.770018
  0.4350  0.768930
  0.4360  0.767839
  0.4370  0.766746
  0.4380  0.765651
  0.4390  0.764553
  0.4400  0.763453
  0.4410  0.762351
  0.4420  0.761247
  0.4430  0.760140
  0.4440  0.759031
  0.4450  0.757920
  0.4460  0.756806
  0.4470  0.755691
  0.4480  0.754573
  0.4490  0.753453
  0.4500  0.752330
  0.4510  0.751206
  0.4520  0.750079
  0.4530  0.748950
  0.4540  0.747818
  0.4550  0.746685
  0.4560  0.745549
  0.4570  0.744411
  0.4580  0.743271
  0.4590  0.742129
  0.4600  0.740984
  0.4610  0.739838
  0.4620  0.738689
  0.4630  0.737538
  0.4640  0.736385
  0.4650  0.735229
  0.4660  0.734072
  0.4670  0.732912
  0.4680  0.731750
  0.4690  0.730586
  0.4700  0.729420
  0.4710  0.728252
  0.4720  0.727081
  0.4730  0.725909
  0.4740  0.724734
  0.4750  0.723557
  0.4760  0.722378
  0.4770  0.721197
  0.4780  0.720014
  0.4790  0.718828
  0.4800  0.717641
  0.4810  0.716451
  0.4820  0.715260
  0.4830  0.714066
  0.4840  0.712870
  0.4850  0.711672
  0.4860  0.710472
  0.4870  0.709270
  0.4880  0.708066
  0.4890  0.706860
  0.4900  0.705652
  0.4910  0.704442
  0.4920  0.703229
  0.4930  0.702015
  0.4940  0.700799
  0.4950  0.699580
  0.4960  0.698360
  0.4970  0.697137
  0.4980  0.695913
  0.4990  0.694686
  0.5000  0.693457
  0.5010  0.692227
  0.5020  0.690994
  0.5030  0.689760
  0.5040  0.688523
  0.5050  0.687285
  0.5060  0.686044
  0.5070  0.684802
  0.5080  0.683557
  0.5090  0.682311
  0.5100  0.681062
  0.5110  0.679812
  0.5120  0.678559
  0.5130  0.677305
  0.5140  0.676049
  0.5150  0.674791
  0.5160  0.673531
  0.5170  0.672269
  0.5180  0.671005
  0.5190  0.669739
  0.5200  0.668471
  0.5210  0.667201
  0.5220  0.665930
  0.5230  0.664656
  0.5240  0.663381
  0.5250  0.662103
  0.5260  0.660824
  0.5270  0.659543
  0.5280  0.658260
  0.5290  0.656975
  0.5300  0.655689
  0.5310  0.654400
  0.5320  0.653110
  0.5330  0.651818
  0.5340  0.650523
  0.5350  0.649228
  0.5360  0.647930
  0.5370  0.646630
  0.5380  0.645329
  0.5390  0.644026
  0.5400  0.642721
  0.5410  0.641414
  0.5420  0.640105
  0.5430  0.638795
  0.5440  0.637482
  0.5450  0.636168
  0.5460  0.634853
  0.5470  0.633535
  0.5480  0.632216
  0.5490  0.630895
  0.5500  0.629572
  0.5510  0.628247
  0.5520  0.626921
  0.5530  0.625593
  0.5540  0.624263
  0.5550  0.622931
  0.5560  0.621598
  0.5570  0.620263
  0.5580  0.618926
  0.5590  0.617588
  0.5600  0.616247
  0.5610  0.614906
  0.5620  0.613562
  0.5630  0.612217
  0.5640  0.610870
  0.5650  0.609521
  0.5660  0.608171
  0.5670  0.606819
  0.5680  0.605465
  0.5690  0.604110
  0.5700  0.602753
  0.5710  0.601395
  0.5720  0.600035
  0.5730  0.598673
  0.5740  0.597309
  0.5750  0.595944
  0.5760  0.594578
  0.5770  0.593209
  0.5780  0.591839
  0.5790  0.590468
  0.5800  0.589095
  0.5810  0.587720
  0.5820  0.586344
  0.5830  0.584966
  0.5840  0.583587
  0.5850  0.582206
  0.5860  0.580823
  0.5870  0.579439
  0.5880  0.578053
  0.5890  0.576666
  0.5900  0.575278
  0.5910  0.573887
  0.5920  0.572496
  0.5930  0.571102
  0.5940  0.569708
  0.5950  0.568311
  0.5960  0.566914
  0.5970  0.565514
  0.5980  0.564114
  0.5990  0.562711
  0.6000  0.561308
  0.6010  0.559902
  0.6020  0.558496
  0.6030  0.557088
  0.6040  0.555678
  0.6050  0.554267
  0.6060  0.552855
  0.6070  0.551441
  0.6080  0.550025
  0.6090  0.548609
  0.6100  0.547190
  0.6110  0.545771
  0.6120  0.544350
  0.6130  0.542928
  0.6140  0.541504
  0.6150  0.540079
  0.6160  0.538652
  0.6170  0.537224
  0.6180  0.535795
  0.6190  0.534364
  0.6200  0.532932
  0.6210  0.531499
  0.6220  0.530064
  0.6230  0.528628
  0.6240  0.527191
  0.6250  0.525752
  0.6260  0.524312
  0.6270  0.522871
  0.6280  0.521429
  0.6290  0.519985
  0.6300  0.518539
  0.6310  0.517093
  0.6320  0.515645
  0.6330  0.514196
  0.6340  0.512746
  0.6350  0.511294
  0.6360  0.509842
  0.6370  0.508387
  0.6380  0.506932
  0.6390  0.505476
  0.6400  0.504018
  0.6410  0.502559
  0.6420  0.501099
  0.6430  0.499637
  0.6440  0.498174
  0.6450  0.496711
  0.6460  0.495246
  0.6470  0.493779
  0.6480  0.492312
  0.6490  0.490843
  0.6500  0.489374
  0.6510  0.487903
  0.6520  0.486431
  0.6530  0.484957
  0.6540  0.483483
  0.6550  0.482008
  0.6560  0.480531
  0.6570  0.479053
  0.6580  0.477574
  0.6590  0.476094
  0.6600  0.474613
  0.6610  0.473131
  0.6620  0.471648
  0.6630  0.470163
  0.6640  0.468678
  0.6650  0.467192
  0.6660  0.465704
  0.6670  0.464215
  0.6680  0.462726
  0.6690  0.461235
  0.6700  0.459743
  0.6710  0.458250
  0.6720  0.456757
  0.6730  0.455262
  0.6740  0.453766
  0.6750  0.452269
  0.6760  0.450771
  0.6770  0.449272
  0.6780  0.447773
  0.6790  0.446272
  0.6800  0.444770
  0.6810  0.443267
  0.6820  0.441764
  0.6830  0.440259
  0.6840  0.438753
  0.6850  0.437247
  0.6860  0.435739
  0.6870  0.434231
  0.6880  0.432722
  0.6890  0.431211
  0.6900  0.429700
  0.6910  0.428188
  0.6920  0.426675
  0.6930  0.425161
  0.6940  0.423647
  0.6950  0.422131
  0.6960  0.420615
  0.6970  0.419097
  0.6980  0.417579
  0.6990  0.416060
  0.7000  0.414540
  0.7010  0.413020
  0.7020  0.411498
  0.7030  0.409976
  0.7040  0.408453
  0.7050  0.406929
  0.7060  0.405404
  0.7070  0.403879
  0.7080  0.402352
  0.7090  0.400825
  0.7100  0.399297
  0.7110  0.397769
  0.7120  0.396239
  0.7130  0.394709
  0.7140  0.393178
  0.7150  0.391647
  0.7160  0.390114
  0.7170  0.388581
  0.7180  0.387048
  0.7190  0.385513
  0.7200  0.383978
  0.7210  0.382442
  0.7220  0.380905
  0.7230  0.379368
  0.7240  0.377830
  0.7250  0.376292
  0.7260  0.374752
  0.7270  0.373212
  0.7280  0.371672
  0.7290  0.370131
  0.7300  0.368589
  0.7310  0.367046
  0.7320  0.365503
  0.7330  0.363959
  0.7340  0.362415
  0.7350  0.360870
  0.7360  0.359325
  0.7370  0.357779
  0.7380  0.356232
  0.7390  0.354685
  0.7400  0.353137
  0.7410  0.351588
  0.7420  0.350040
  0.7430  0.348490
  0.7440  0.346940
  0.7450  0.345390
  0.7460  0.343838
  0.7470  0.342287
  0.7480  0.340735
  0.7490  0.339182
  0.7500  0.337629
  0.7510  0.336076
  0.7520  0.334521
  0.7530  0.332967
  0.7540  0.331412
  0.7550  0.329856
  0.7560  0.328301
  0.7570  0.326744
  0.7580  0.325187
  0.7590  0.323630
  0.7600  0.322073
  0.7610  0.320514
  0.7620  0.318956
  0.7630  0.317397
  0.7640  0.315838
  0.7650  0.314278
  0.7660  0.312718
  0.7670  0.311158
  0.7680  0.309597
  0.7690  0.308036
  0.7700  0.306474
  0.7710  0.304912
  0.7720  0.303350
  0.7730  0.301788
  0.7740  0.300225
  0.7750  0.298661
  0.7760  0.297098
  0.7770  0.295534
  0.7780  0.293970
  0.7790  0.292406
  0.7800  0.290841
  0.7810  0.289276
  0.7820  0.287711
  0.7830  0.286145
  0.7840  0.284580
  0.7850  0.283014
  0.7860  0.281447
  0.7870  0.279881
  0.7880  0.278314
  0.7890  0.276747
  0.7900  0.275180
  0.7910  0.273613
  0.7920  0.272045
  0.7930  0.270478
  0.7940  0.268910
  0.7950  0.267342
  0.7960  0.265773
  0.7970  0.264205
  0.7980  0.262636
  0.7990  0.261068
  0.8000  0.259499
  0.8010  0.257930
  0.8020  0.256361
  0.8030  0.254792
  0.8040  0.253222
  0.8050  0.251653
  0.8060  0.250083
  0.8070  0.248514
  0.8080  0.246944
  0.8090  0.245374
  0.8100  0.243804
  0.8110  0.242234
  0.8120  0.240664
  0.8130  0.239094
  0.8140  0.237524
  0.8150  0.235954
  0.8160  0.234384
  0.8170  0.232814
  0.8180  0.231244
  0.8190  0.229674
  0.8200  0.228103
  0.8210  0.226533
  0.8220  0.224963
  0.8230  0.223393
  0.8240  0.221823
  0.8250  0.220253
  0.8260  0.218683
  0.8270  0.217113
  0.8280  0.215543
  0.8290  0.213973
  0.8300  0.212403
  0.8310  0.210834
  0.8320  0.209264
  0.8330  0.207695
  0.8340  0.206125
  0.8350  0.204556
  0.8360  0.202987
  0.8370  0.201418
  0.8380  0.199849
  0.8390  0.198280
  0.8400  0.196712
  0.8410  0.195143
  0.8420  0.193575
  0.8430  0.192007
  0.8440  0.190439
  0.8450  0.188871
  0.8460  0.187304
  0.8470  0.185736
  0.8480  0.184169
  0.8490  0.182602
  0.8500  0.181036
  0.8510  0.179469
  0.8520  0.177903
  0.8530  0.176337
  0.8540  0.174771
  0.8550  0.173206
  0.8560  0.171640
  0.8570  0.170075
  0.8580  0.168511
  0.8590  0.166946
  0.8600  0.165382
  0.8610  0.163818
  0.8620  0.162255
  0.8630  0.160692
  0.8640  0.159129
  0.8650  0.157566
  0.8660  0.156004
  0.8670  0.154442
  0.8680  0.152881
  0.8690  0.151319
  0.8700  0.149759
  0.8710  0.148198
  0.8720  0.146638
  0.8730  0.145078
  0.8740  0.143519
  0.8750  0.141960
  0.8760  0.140402
  0.8770  0.138844
  0.8780  0.137286
  0.8790  0.135729
  0.8800  0.134172
  0.8810  0.132616
  0.8820  0.131060
  0.8830  0.129505
  0.8840  0.127950
  0.8850  0.126395
  0.8860  0.124841
  0.8870  0.123288
  0.8880  0.121735
  0.8890  0.120182
  0.8900  0.118630
  0.8910  0.117079
  0.8920  0.115528
  0.8930  0.113977
  0.8940  0.112427
  0.8950  0.110878
  0.8960  0.109329
  0.8970  0.107781
  0.8980  0.106233
  0.8990  0.104686
  0.9000  0.103140
  0.9010  0.101594
  0.9020  0.100049
  0.9030  0.098504
  0.9040  0.096960
  0.9050  0.095416
  0.9060  0.093873
  0.9070  0.092331
  0.9080  0.090790
  0.9090  0.089249
  0.9100  0.087708
  0.9110  0.086169
  0.9120  0.084630
  0.9130  0.083092
  0.9140  0.081554
  0.9150  0.080017
  0.9160  0.078481
  0.9170  0.076945
  0.9180  0.075410
  0.9190  0.073876
  0.9200  0.072343
  0.9210  0.070810
  0.9220  0.069278
  0.9230  0.067747
  0.9240  0.066217
  0.9250  0.064687
  0.9260  0.063158
  0.9270  0.061630
  0.9280  0.060103
  0.9290  0.058577
  0.9300  0.057051
  0.9310  0.055526
  0.9320  0.054002
  0.9330  0.052479
  0.9340  0.050956
  0.9350  0.049434
  0.9360  0.047914
  0.9370  0.046394
  0.9380  0.044875
  0.9390  0.043356
  0.9400  0.041839
  0.9410  0.040323
  0.9420  0.038807
  0.9430  0.037292
  0.9440  0.035779
  0.9450  0.034266
  0.9460  0.032754
  0.9470  0.031243
  0.9480  0.029732
  0.9490  0.028223
  0.9500  0.026715
  0.9510  0.025208
  0.9520  0.023701
  0.9530  0.022196
  0.9540  0.020691
  0.9550  0.019188
  0.9560  0.017686
  0.9570  0.016184
  0.9580  0.014684
  0.9590  0.013184
  0.9600  0.011686
  0.9610  0.010188
  0.9620  0.008692
  0.9630  0.007196
  0.9640  0.005702
  0.9650  0.004209
  0.9660  0.002716
  0.9670  0.001225
  0.9680 -0.000265
  0.9690 -0.001754
  0.9700 -0.003242
  0.9710 -0.004729
  0.9720 -0.006215
  0.9730 -0.007699
  0.9740 -0.009183
  0.9750 -0.010666
  0.9760 -0.012147
  0.9770 -0.013627
  0.9780 -0.015106
  0.9790 -0.016584
  0.9800 -0.018061
  0.9810 -0.019537
  0.9820 -0.021011
  0.9830 -0.022484
  0.9840 -0.023956
  0.9850 -0.025427
  0.9860 -0.026897
  0.9870 -0.028366
  0.9880 -0.029833
  0.9890 -0.031299
  0.9900 -0.032764
  0.9910 -0.034227
  0.9920 -0.035690
  0.9930 -0.037151
  0.9940 -0.038611
  0.9950 -0.040070
  0.9960 -0.041527
  0.9970 -0.042983
  0.9980 -0.044438
  0.9990 -0.045892
  1.0000 -0.047344
  1.0010 -0.048795
  1.0020 -0.050245
  1.0030 -0.051693
  1.0040 -0.053140
  1.0050 -0.054586
  1.0060 -0.056030
  1.0070 -0.057473
  1.0080 -0.058915
  1.0090 -0.060355
  1.0100 -0.061794
  1.0110 -0.063232
  1.0120 -0.064668
  1.0130 -0.066103
  1.0140 -0.067537
  1.0150 -0.068969
  1.0160 -0.070399
  1.0170 -0.071829
  1.0180 -0.073257
  1.0190 -0.074683
  1.0200 -0.076108
  1.0210 -0.077532
  1.0220 -0.078954
  1.0230 -0.080374
  1.0240 -0.081794
  1.0250 -0.083212
  1.0260 -0.084628
  1.0270 -0.086043
  1.0280 -0.087456
  1.0290 -0.088868
  1.0300 -0.090278
  1.0310 -0.091687
  1.0320 -0.093095
  1.0330 -0.094500
  1.0340 -0.095905
  1.0350 -0.097307
  1.0360 -0.098709
  1.0370 -0.100108
  1.0380 -0.101507
  1.0390 -0.102903
  1.0400 -0.104298
  1.0410 -0.105692
  1.0420 -0.107084
  1.0430 -0.108474
  1.0440 -0.109863
  1.0450 -0.111250
  1.0460 -0.112635
  1.0470 -0.114019
  1.0480 -0.115402
  1.0490 -0.116782
  1.0500 -0.118161
  1.0510 -0.119539
  1.0520 -0.120915
  1.0530 -0.122289
  1.0540 -0.123661
  1.0550 -0.125032
  1.0560 -0.126401
  1.0570 -0.127769
  1.0580 -0.129134
  1.0590 -0.130498
  1.0600 -0.131861
  1.0610 -0.133221
  1.0620 -0.134580
  1.0630 -0.135938
  1.0640 -0.137293
  1.0650 -0.138647
  1.0660 -0.139999
  1.0670 -0.141349
  1.0680 -0.142698
  1.0690 -0.144045
  1.0700 -0.145390
  1.0710 -0.146733
  1.0720 -0.148075
  1.0730 -0.149415
  1.0740 -0.150753
  1.0750 -0.152089
  1.0760 -0.153423
  1.0770 -0.154756
  1.0780 -0.156086
  1.0790 -0.157415
  1.0800 -0.158742
  1.0810 -0.160068
  1.0820 -0.161391
  1.0830 -0.162713
  1.0840 -0.164033
  1.0850 -0.165350
  1.0860 -0.166666
  1.0870 -0.167981
  1.0880 -0.169293
  1.0890 -0.170603
  1.0900 -0.171912
  1.0910 -0.173218
  1.0920 -0.174523
  1.0930 -0.175826
  1.0940 -0.177127
  1.0950 -0.178426
  1.0960 -0.179723
  1.0970 -0.181018
  1.0980 -0.182311
  1.0990 -0.183602
  1.1000 -0.184892
  1.1010 -0.186179
  1.1020 -0.187464
  1.1030 -0.188748
  1.1040 -0.190029
  1.1050 -0.191308
  1.1060 -0.192586
  1.1070 -0.193861
  1.1080 -0.195135
  1.1090 -0.196406
  1.1100 -0.197675
  1.1110 -0.198943
  1.1120 -0.200208
  1.1130 -0.201471
  1.1140 -0.202733
  1.1150 -0.203992
  1.1160 -0.205249
  1.1170 -0.206504
  1.1180 -0.207757
  1.1190 -0.209008
  1.1200 -0.210257
  1.1210 -0.211504
  1.1220 -0.212749
  1.1230 -0.213991
  1.1240 -0.215232
  1.1250 -0.216470
  1.1260 -0.217707
  1.1270 -0.218941
  1.1280 -0.220173
  1.1290 -0.221403
  1.1300 -0.222631
  1.1310 -0.223856
  1.1320 -0.225080
  1.1330 -0.226301
  1.1340 -0.227521
  1.1350 -0.228738
  1.1360 -0.229952
  1.1370 -0.231165
  1.1380 -0.232376
  1.1390 -0.233584
  1.1400 -0.234790
  1.1410 -0.235994
  1.1420 -0.237196
  1.1430 -0.238395
  1.1440 -0.239592
  1.1450 -0.240787
  1.1460 -0.241980
  1.1470 -0.243171
  1.1480 -0.244359
  1.1490 -0.245545
  1.1500 -0.246729
  1.1510 -0.247911
  1.1520 -0.249090
  1.1530 -0.250267
  1.1540 -0.251442
  1.1550 -0.252614
  1.1560 -0.253784
  1.1570 -0.254952
  1.1580 -0.256118
  1.1590 -0.257281
  1.1600 -0.258442
  1.1610 -0.259601
  1.1620 -0.260757
  1.1630 -0.261911
  1.1640 -0.263063
  1.1650 -0.264212
  1.1660 -0.265359
  1.1670 -0.266503
  1.1680 -0.267646
  1.1690 -0.268785
  1.1700 -0.269923
  1.1710 -0.271058
  1.1720 -0.272191
  1.1730 -0.273321
  1.1740 -0.274449
  1.1750 -0.275575
  1.1760 -0.276698
  1.1770 -0.277819
  1.1780 -0.278937
  1.1790 -0.280053
  1.1800 -0.281166
  1.1810 -0.282277
  1.1820 -0.283386
  1.1830 -0.284492
  1.1840 -0.285596
  1.1850 -0.286697
  1.1860 -0.287796
  1.1870 -0.288892
  1.1880 -0.289986
  1.1890 -0.291078
  1.1900 -0.292166
  1.1910 -0.293253
  1.1920 -0.294337
  1.1930 -0.295418
  1.1940 -0.296497
  1.1950 -0.297574
  1.1960 -0.298648
  1.1970 -0.299719
  1.1980 -0.300788
  1.1990 -0.301854
  1.2000 -0.302918
  1.2010 -0.303979
  1.2020 -0.305038
  1.2030 -0.306094
  1.2040 -0.307148
  1.2050 -0.308199
  1.2060 -0.309247
  1.2070 -0.310293
  1.2080 -0.311337
  1.2090 -0.312377
  1.2100 -0.313415
  1.2110 -0.314451
  1.2120 -0.315484
  1.2130 -0.316514
  1.2140 -0.317542
  1.2150 -0.318567
  1.2160 -0.319590
  1.2170 -0.320610
  1.2180 -0.321627
  1.2190 -0.322642
  1.2200 -0.323654
  1.2210 -0.324663
  1.2220 -0.325670
  1.2230 -0.326674
  1.2240 -0.327675
  1.2250 -0.328674
  1.2260 -0.329670
  1.2270 -0.330663
  1.2280 -0.331654
  1.2290 -0.332642
  1.2300 -0.333627
  1.2310 -0.334610
  1.2320 -0.335590
  1.2330 -0.336567
  1.2340 -0.337541
  1.2350 -0.338513
  1.2360 -0.339482
  1.2370 -0.340449
  1.2380 -0.341412
  1.2390 -0.342373
  1.2400 -0.343331
  1.2410 -0.344287
  1.2420 -0.345239
  1.2430 -0.346189
  1.2440 -0.347136
  1.2450 -0.348081
  1.2460 -0.349022
  1.2470 -0.349961
  1.2480 -0.350897
  1.2490 -0.351830
  1.2500 -0.352761
  1.2510 -0.353688
  1.2520 -0.354613
  1.2530 -0.355535
  1.2540 -0.356455
  1.2550 -0.357371
  1.2560 -0.358285
  1.2570 -0.359195
  1.2580 -0.360103
  1.2590 -0.361009
  1.2600 -0.361911
  1.2610 -0.362810
  1.2620 -0.363707
  1.2630 -0.364601
  1.2640 -0.365492
  1.2650 -0.366380
  1.2660 -0.367265
  1.2670 -0.368147
  1.2680 -0.369027
  1.2690 -0.369903
  1.2700 -0.370777
  1.2710 -0.371648
  1.2720 -0.372516
  1.2730 -0.373381
  1.2740 -0.374243
  1.2750 -0.375102
  1.2760 -0.375958
  1.2770 -0.376812
  1.2780 -0.377662
  1.2790 -0.378510
  1.2800 -0.379355
  1.2810 -0.380196
  1.2820 -0.381035
  1.2830 -0.381871
  1.2840 -0.382704
  1.2850 -0.383534
  1.2860 -0.384361
  1.2870 -0.385185
  1.2880 -0.386006
  1.2890 -0.386824
  1.2900 -0.387639
  1.2910 -0.388451
  1.2920 -0.389260
  1.2930 -0.390066
  1.2940 -0.390870
  1.2950 -0.391670
  1.2960 -0.392467
  1.2970 -0.393261
  1.2980 -0.394053
  1.2990 -0.394841
  1.3000 -0.395626
  1.3010 -0.396408
  1.3020 -0.397187
  1.3030 -0.397963
  1.3040 -0.398736
  1.3050 -0.399507
  1.3060 -0.400274
  1.3070 -0.401038
  1.3080 -0.401798
  1.3090 -0.402556
  1.3100 -0.403311
  1.3110 -0.404063
  1.3120 -0.404812
  1.3130 -0.405557
  1.3140 -0.406300
  1.3150 -0.407039
  1.3160 -0.407776
  1.3170 -0.408509
  1.3180 -0.409240
  1.3190 -0.409967
  1.3200 -0.410691
  1.3210 -0.411412
  1.3220 -0.412130
  1.3230 -0.412844
  1.3240 -0.413556
  1.3250 -0.414265
  1.3260 -0.414970
  1.3270 -0.415672
  1.3280 -0.416372
  1.3290 -0.417068
  1.3300 -0.417761
  1.3310 -0.418450
  1.3320 -0.419137
  1.3330 -0.419821
  1.3340 -0.420501
  1.3350 -0.421178
  1.3360 -0.421852
  1.3370 -0.422523
  1.3380 -0.423191
  1.3390 -0.423856
  1.3400 -0.424517
  1.3410 -0.425175
  1.3420 -0.425830
  1.3430 -0.426482
  1.3440 -0.427131
  1.3450 -0.427776
  1.3460 -0.428419
  1.3470 -0.429058
  1.3480 -0.429694
  1.3490 -0.430326
  1.3500 -0.430956
  1.3510 -0.431582
  1.3520 -0.432205
  1.3530 -0.432825
  1.3540 -0.433442
  1.3550 -0.434055
  1.3560 -0.434666
  1.3570 -0.435273
  1.3580 -0.435876
  1.3590 -0.436477
  1.3600 -0.437074
  1.3610 -0.437668
  1.3620 -0.438259
  1.3630 -0.438847
  1.3640 -0.439431
  1.3650 -0.440012
  1.3660 -0.440590
  1.3670 -0.441164
  1.3680 -0.441736
  1.3690 -0.442304
  1.3700 -0.442868
  1.3710 -0.443430
  1.3720 -0.443988
  1.3730 -0.444543
  1.3740 -0.445095
  1.3750 -0.445643
  1.3760 -0.446188
  1.3770 -0.446730
  1.3780 -0.447268
  1.3790 -0.447803
  1.3800 -0.448335
  1.3810 -0.448864
  1.3820 -0.449389
  1.3830 -0.449911
  1.3840 -0.450429
  1.3850 -0.450945
  1.3860 -0.451456
  1.3870 -0.451965
  1.3880 -0.452470
  1.3890 -0.452972
  1.3900 -0.453471
  1.3910 -0.453966
  1.3920 -0.454458
  1.3930 -0.454947
  1.3940 -0.455432
  1.3950 -0.455914
  1.3960 -0.456393
  1.3970 -0.456868
  1.3980 -0.457340
  1.3990 -0.457808
  1.4000 -0.458273
  1.4010 -0.458735
  1.4020 -0.459193
  1.4030 -0.459648
  1.4040 -0.460100
  1.4050 -0.460548
  1.4060 -0.460993
  1.4070 -0.461435
  1.4080 -0.461873
  1.4090 -0.462308
  1.4100 -0.462739
  1.4110 -0.463167
  1.4120 -0.463592
  1.4130 -0.464013
  1.4140 -0.464431
  1.4150 -0.464845
  1.4160 -0.465256
  1.4170 -0.465664
  1.4180 -0.466068
  1.4190 -0.466468
  1.4200 -0.466866
  1.4210 -0.467260
  1.4220 -0.467650
  1.4230 -0.468037
  1.4240 -0.468421
  1.4250 -0.468801
  1.4260 -0.469178
  1.4270 -0.469551
  1.4280 -0.469921
  1.4290 -0.470288
  1.4300 -0.470651
  1.4310 -0.471010
  1.4320 -0.471366
  1.4330 -0.471719
  1.4340 -0.472068
  1.4350 -0.472414
  1.4360 -0.472756
  1.4370 -0.473095
  1.4380 -0.473431
  1.4390 -0.473763
  1.4400 -0.474091
  1.4410 -0.474416
  1.4420 -0.474738
  1.4430 -0.475056
  1.4440 -0.475371
  1.4450 -0.475682
  1.4460 -0.475989
  1.4470 -0.476294
  1.4480 -0.476594
  1.4490 -0.476892
  1.4500 -0.477185
  1.4510 -0.477476
  1.4520 -0.477762
  1.4530 -0.478046
  1.4540 -0.478325
  1.4550 -0.478602
  1.4560 -0.478875
  1.4570 -0.479144
  1.4580 -0.479410
  1.4590 -0.479672
  1.4600 -0.479931
  1.4610 -0.480186
  1.4620 -0.480438
  1.4630 -0.480686
  1.4640 -0.480931
  1.4650 -0.481172
  1.4660 -0.481410
  1.4670 -0.481644
  1.4680 -0.481875
  1.4690 -0.482102
  1.4700 -0.482326
  1.4710 -0.482546
  1.4720 -0.482763
  1.4730 -0.482976
  1.4740 -0.483185
  1.4750 -0.483391
  1.4760 -0.483594
  1.4770 -0.483793
  1.4780 -0.483988
  1.4790 -0.484180
  1.4800 -0.484368
  1.4810 -0.484553
  1.4820 -0.484734
  1.4830 -0.484912
  1.4840 -0.485086
  1.4850 -0.485257
  1.4860 -0.485424
  1.4870 -0.485587
  1.4880 -0.485747
  1.4890 -0.485904
  1.4900 -0.486057
  1.4910 -0.486206
  1.4920 -0.486352
  1.4930 -0.486494
  1.4940 -0.486633
  1.4950 -0.486768
  1.4960 -0.486899
  1.4970 -0.487027
  1.4980 -0.487151
  1.4990 -0.487272
  1.5000 -0.487390
  1.5010 -0.487503
  1.5020 -0.487613
  1.5030 -0.487720
  1.5040 -0.487823
  1.5050 -0.487922
  1.5060 -0.488018
  1.5070 -0.488110
  1.5080 -0.488199
  1.5090 -0.488284
  1.5100 -0.488365
  1.5110 -0.488443
  1.5120 -0.488518
  1.5130 -0.488588
  1.5140 -0.488655
  1.5150 -0.488719
  1.5160 -0.488779
  1.5170 -0.488835
  1.5180 -0.488888
  1.5190 -0.488937
  1.5200 -0.488983
  1.5210 -0.489025
  1.5220 -0.489063
  1.5230 -0.489098
  1.5240 -0.489129
  1.5250 -0.489157
  1.5260 -0.489181
  1.5270 -0.489202
  1.5280 -0.489218
  1.5290 -0.489232
  1.5300 -0.489241
  1.5310 -0.489247
  1.5320 -0.489250
  1.5330 -0.489249
  1.5340 -0.489244
  1.5350 -0.489235
  1.5360 -0.489223
  1.5370 -0.489208
  1.5380 -0.489189
  1.5390 -0.489166
  1.5400 -0.489139
  1.5410 -0.489109
  1.5420 -0.489076
  1.5430 -0.489038
  1.5440 -0.488998
  1.5450 -0.488953
  1.5460 -0.488905
  1.5470 -0.488853
  1.5480 -0.488798
  1.5490 -0.488739
  1.5500 -0.488677
  1.5510 -0.488610
  1.5520 -0.488541
  1.5530 -0.488467
  1.5540 -0.488390
  1.5550 -0.488310
  1.5560 -0.488225
  1.5570 -0.488138
  1.5580 -0.488046
  1.5590 -0.487951
  1.5600 -0.487852
  1.5610 -0.487750
  1.5620 -0.487644
  1.5630 -0.487534
  1.5640 -0.487421
  1.5650 -0.487304
  1.5660 -0.487184
  1.5670 -0.487060
  1.5680 -0.486932
  1.5690 -0.486801
  1.5700 -0.486666
  1.5710 -0.486527
  1.5720 -0.486385
  1.5730 -0.486239
  1.5740 -0.486090
  1.5750 -0.485937
  1.5760 -0.485780
  1.5770 -0.485620
  1.5780 -0.485456
  1.5790 -0.485288
  1.5800 -0.485117
  1.5810 -0.484943
  1.5820 -0.484764
  1.5830 -0.484582
  1.5840 -0.484396
  1.5850 -0.484207
  1.5860 -0.484014
  1.5870 -0.483818
  1.5880 -0.483617
  1.5890 -0.483414
  1.5900 -0.483206
  1.5910 -0.482995
  1.5920 -0.482781
  1.5930 -0.482562
  1.5940 -0.482340
  1.5950 -0.482115
  1.5960 -0.481886
  1.5970 -0.481653
  1.5980 -0.481417
  1.5990 -0.481177
  1.6000 -0.480933
  1.6010 -0.480686
  1.6020 -0.480435
  1.6030 -0.480180
  1.6040 -0.479922
  1.6050 -0.479660
  1.6060 -0.479395
  1.6070 -0.479126
  1.6080 -0.478853
  1.6090 -0.478577
  1.6100 -0.478297
  1.6110 -0.478014
  1.6120 -0.477727
  1.6130 -0.477436
  1.6140 -0.477142
  1.6150 -0.476844
  1.6160 -0.476542
  1.6170 -0.476237
  1.6180 -0.475928
  1.6190 -0.475616
  1.6200 -0.475300
  1.6210 -0.474980
  1.6220 -0.474657
  1.6230 -0.474330
  1.6240 -0.474000
  1.6250 -0.473665
  1.6260 -0.473328
  1.6270 -0.472986
  1.6280 -0.472642
  1.6290 -0.472293
  1.6300 -0.471941
  1.6310 -0.471585
  1.6320 -0.471226
  1.6330 -0.470863
  1.6340 -0.470496
  1.6350 -0.470126
  1.6360 -0.469752
  1.6370 -0.469375
  1.6380 -0.468994
  1.6390 -0.468609
  1.6400 -0.468221
  1.6410 -0.467830
  1.6420 -0.467434
  1.6430 -0.467035
  1.6440 -0.466633
  1.6450 -0.466226
  1.6460 -0.465817
  1.6470 -0.465403
  1.6480 -0.464986
  1.6490 -0.464566
  1.6500 -0.464142
  1.6510 -0.463714
  1.6520 -0.463283
  1.6530 -0.462848
  1.6540 -0.462409
  1.6550 -0.461967
  1.6560 -0.461522
  1.6570 -0.461072
  1.6580 -0.460620
  1.6590 -0.460163
  1.6600 -0.459703
  1.6610 -0.459240
  1.6620 -0.458773
  1.6630 -0.458302
  1.6640 -0.457828
  1.6650 -0.457350
  1.6660 -0.456868
  1.6670 -0.456383
  1.6680 -0.455895
  1.6690 -0.455403
  1.6700 -0.454907
  1.6710 -0.454408
  1.6720 -0.453905
  1.6730 -0.453398
  1.6740 -0.452888
  1.6750 -0.452375
  1.6760 -0.451858
  1.6770 -0.451337
  1.6780 -0.450813
  1.6790 -0.450285
  1.6800 -0.449754
  1.6810 -0.449219
  1.6820 -0.448681
  1.6830 -0.448139
  1.6840 -0.447593
  1.6850 -0.447044
  1.6860 -0.446492
  1.6870 -0.445936
  1.6880 -0.445376
  1.6890 -0.444813
  1.6900 -0.444246
  1.6910 -0.443676
  1.6920 -0.443102
  1.6930 -0.442524
  1.6940 -0.441944
  1.6950 -0.441359
  1.6960 -0.440771
  1.6970 -0.440180
  1.6980 -0.439585
  1.6990 -0.438986
  1.7000 -0.438384
  1.7010 -0.437779
  1.7020 -0.437170
  1.7030 -0.436557
  1.7040 -0.435941
  1.7050 -0.435321
  1.7060 -0.434698
  1.7070 -0.434072
  1.7080 -0.433441
  1.7090 -0.432808
  1.7100 -0.432171
  1.7110 -0.431530
  1.7120 -0.430886
  1.7130 -0.430238
  1.7140 -0.429587
  1.7150 -0.428933
  1.7160 -0.428274
  1.7170 -0.427613
  1.7180 -0.426948
  1.7190 -0.426279
  1.7200 -0.425607
  1.7210 -0.424932
  1.7220 -0.424253
  1.7230 -0.423570
  1.7240 -0.422884
  1.7250 -0.422195
  1.7260 -0.421502
  1.7270 -0.420806
  1.7280 -0.420106
  1.7290 -0.419402
  1.7300 -0.418696
  1.7310 -0.417985
  1.7320 -0.417272
  1.7330 -0.416555
  1.7340 -0.415834
  1.7350 -0.415110
  1.7360 -0.414383
  1.7370 -0.413652
  1.7380 -0.412917
  1.7390 -0.412180
  1.7400 -0.411438
  1.7410 -0.410694
  1.7420 -0.409946
  1.7430 -0.409194
  1.7440 -0.408439
  1.7450 -0.407681
  1.7460 -0.406919
  1.7470 -0.406154
  1.7480 -0.405385
  1.7490 -0.404613
  1.7500 -0.403838
  1.7510 -0.403059
  1.7520 -0.402277
  1.7530 -0.401491
  1.7540 -0.400702
  1.7550 -0.399909
  1.7560 -0.399114
  1.7570 -0.398314
  1.7580 -0.397512
  1.7590 -0.396706
  1.7600 -0.395896
  1.7610 -0.395083
  1.7620 -0.394267
  1.7630 -0.393448
  1.7640 -0.392625
  1.7650 -0.391798
  1.7660 -0.390969
  1.7670 -0.390136
  1.7680 -0.389299
  1.7690 -0.388459
  1.7700 -0.387616
  1.7710 -0.386770
  1.7720 -0.385920
  1.7730 -0.385067
  1.7740 -0.384210
  1.7750 -0.383350
  1.7760 -0.382487
  1.7770 -0.381620
  1.7780 -0.380751
  1.7790 -0.379877
  1.7800 -0.379001
  1.7810 -0.378121
  1.7820 -0.377238
  1.7830 -0.376351
  1.7840 -0.375461
  1.7850 -0.374568
  1.7860 -0.373672
  1.7870 -0.372772
  1.7880 -0.371869
  1.7890 -0.370962
  1.7900 -0.370053
  1.7910 -0.369140
  1.7920 -0.368223
  1.7930 -0.367304
  1.7940 -0.366381
  1.7950 -0.365455
  1.7960 -0.364525
  1.7970 -0.363593
  1.7980 -0.362657
  1.7990 -0.361718
  1.8000 -0.360775
  1.8010 -0.359829
  1.8020 -0.358880
  1.8030 -0.357928
  1.8040 -0.356972
  1.8050 -0.356014
  1.8060 -0.355052
  1.8070 -0.354086
  1.8080 -0.353118
  1.8090 -0.352146
  1.8100 -0.351171
  1.8110 -0.350193
  1.8120 -0.349211
  1.8130 -0.348227
  1.8140 -0.347239
  1.8150 -0.346248
  1.8160 -0.345253
  1.8170 -0.344256
  1.8180 -0.343255
  1.8190 -0.342251
  1.8200 -0.341244
  1.8210 -0.340234
  1.8220 -0.339220
  1.8230 -0.338204
  1.8240 -0.337184
  1.8250 -0.336161
  1.8260 -0.335134
  1.8270 -0.334105
  1.8280 -0.333072
  1.8290 -0.332037
  1.8300 -0.330998
  1.8310 -0.329956
  1.8320 -0.328910
  1.8330 -0.327862
  1.8340 -0.326811
  1.8350 -0.325756
  1.8360 -0.324698
  1.8370 -0.323637
  1.8380 -0.322573
  1.8390 -0.321506
  1.8400 -0.320435
  1.8410 -0.319362
  1.8420 -0.318285
  1.8430 -0.317206
  1.8440 -0.316123
  1.8450 -0.315037
  1.8460 -0.313948
  1.8470 -0.312856
  1.8480 -0.311761
  1.8490 -0.310662
  1.8500 -0.309561
  1.8510 -0.308457
  1.8520 -0.307349
  1.8530 -0.306239
  1.8540 -0.305125
  1.8550 -0.304008
  1.8560 -0.302888
  1.8570 -0.301765
  1.8580 -0.300640
  1.8590 -0.299511
  1.8600 -0.298379
  1.8610 -0.297244
  1.8620 -0.296105
  1.8630 -0.294964
  1.8640 -0.293820
  1.8650 -0.292673
  1.8660 -0.291523
  1.8670 -0.290370
  1.8680 -0.289213
  1.8690 -0.288054
  1.8700 -0.286892
  1.8710 -0.285727
  1.8720 -0.284558
  1.8730 -0.283387
  1.8740 -0.282213
  1.8750 -0.281036
  1.8760 -0.279856
  1.8770 -0.278673
  1.8780 -0.277486
  1.8790 -0.276297
  1.8800 -0.275105
  1.8810 -0.273910
  1.8820 -0.272712
  1.8830 -0.271511
  1.8840 -0.270308
  1.8850 -0.269101
  1.8860 -0.267891
  1.8870 -0.266678
  1.8880 -0.265463
  1.8890 -0.264244
  1.8900 -0.263023
  1.8910 -0.261799
  1.8920 -0.260571
  1.8930 -0.259341
  1.8940 -0.258108
  1.8950 -0.256872
  1.8960 -0.255634
  1.8970 -0.254392
  1.8980 -0.253147
  1.8990 -0.251900
  1.9000 -0.250650
  1.9010 -0.249396
  1.9020 -0.248140
  1.9030 -0.246881
  1.9040 -0.245620
  1.9050 -0.244355
  1.9060 -0.243088
  1.9070 -0.241817
  1.9080 -0.240544
  1.9090 -0.239268
  1.9100 -0.237989
  1.9110 -0.236708
  1.9120 -0.235423
  1.9130 -0.234136
  1.9140 -0.232846
  1.9150 -0.231553
  1.9160 -0.230258
  1.9170 -0.228959
  1.9180 -0.227658
  1.9190 -0.226354
  1.9200 -0.225047
  1.9210 -0.223738
  1.9220 -0.222425
  1.9230 -0.221110
  1.9240 -0.219793
  1.9250 -0.218472
  1.9260 -0.217149
  1.9270 -0.215823
  1.9280 -0.214494
  1.9290 -0.213162
  1.9300 -0.211828
  1.9310 -0.210491
  1.9320 -0.209151
  1.9330 -0.207809
  1.9340 -0.206464
  1.9350 -0.205116
  1.9360 -0.203766
  1.9370 -0.202412
  1.9380 -0.201056
  1.9390 -0.199698
  1.9400 -0.198337
  1.9410 -0.196973
  1.9420 -0.195606
  1.9430 -0.194237
  1.9440 -0.192865
  1.9450 -0.191490
  1.9460 -0.190113
  1.9470 -0.188733
  1.9480 -0.187351
  1.9490 -0.185966
  1.9500 -0.184578
  1.9510 -0.183188
  1.9520 -0.181795
  1.9530 -0.180399
  1.9540 -0.179001
  1.9550 -0.177600
  1.9560 -0.176197
  1.9570 -0.174791
  1.9580 -0.173382
  1.9590 -0.171971
  1.9600 -0.170557
  1.9610 -0.169141
  1.9620 -0.167722
  1.9630 -0.166301
  1.9640 -0.164877
  1.9650 -0.163451
  1.9660 -0.162022
  1.9670 -0.160590
  1.9680 -0.159156
  1.9690 -0.157719
  1.9700 -0.156280
  1.9710 -0.154838
  1.9720 -0.153394
  1.9730 -0.151948
  1.9740 -0.150499
  1.9750 -0.149047
  1.9760 -0.147593
  1.9770 -0.146136
  1.9780 -0.144677
  1.9790 -0.143216
  1.9800 -0.141752
  1.9810 -0.140285
  1.9820 -0.138816
  1.9830 -0.137345
  1.9840 -0.135871
  1.9850 -0.134395
  1.9860 -0.132916
  1.9870 -0.131435
  1.9880 -0.129951
  1.9890 -0.128466
  1.9900 -0.126977
  1.9910 -0.125487
  1.9920 -0.123993
  1.9930 -0.122498
  1.9940 -0.121000
  1.9950 -0.119500
  1.9960 -0.117997
  1.9970 -0.116492
  1.9980 -0.114985
  1.9990 -0.113475
  2.0000 -0.111963
